%YAML:1.0
---
CM1: !!opencv-matrix
   rows: 3
   cols: 3
   dt: d
   data: [ 1.8833142437836077e+03, 0., 9.6573241881863680e+02, 0.,
       1.8833142437836077e+03, 5.4962682886925620e+02, 0., 0., 1. ]
CM2: !!opencv-matrix
   rows: 3
   cols: 3
   dt: d
   data: [ 1.8833142437836077e+03, 0., 9.6681358490476430e+02, 0.,
       1.8833142437836077e+03, 5.4968426010106873e+02, 0., 0., 1. ]
D1: !!opencv-matrix
   rows: 1
   cols: 5
   dt: d
   data: [ 2.5597814746846494e-02, -1.2023899548206943e-01, 0., 0.,
       -2.2748821359273422e-01 ]
D2: !!opencv-matrix
   rows: 1
   cols: 5
   dt: d
   data: [ 3.9315482383288046e-02, -3.0952536254335072e-01, 0., 0.,
       5.5247932132412070e-01 ]
R: !!opencv-matrix
   rows: 3
   cols: 3
   dt: d
   data: [ -5.0825936983126150e-03, -5.2765849814182288e-03,
       9.9997316208597897e-01, 5.3229786192311376e-03,
       9.9997176828987633e-01, 5.3036328904304611e-03,
       -9.9997291620319240e-01, 5.3497919726956840e-03,
       -5.0543630589620046e-03 ]
T: !!opencv-matrix
   rows: 3
   cols: 1
   dt: d
   data: [ -4.7053402307980235e+01, -2.4863336527383179e-01,
       4.6947512033722582e+01 ]
E: !!opencv-matrix
   rows: 3
   cols: 3
   dt: d
   data: [ -1.2739714433147309e-03, -4.6947516761953509e+01,
       -2.4773568564926551e-01, -4.7290743052007073e+01,
       4.0033770431610882e-03, 4.6708427082007191e+01,
       -2.5172795682299087e-01, -4.7053385845047025e+01,
       -9.2727961430874584e-04 ]
F: !!opencv-matrix
   rows: 3
   cols: 3
   dt: d
   data: [ 2.6109285666780041e-11, 9.6216138353500472e-07,
       -5.1929297050540800e-04, 9.6919560184686989e-07,
       -8.2046827187710663e-11, -2.7387625153705969e-03,
       -5.2306076463490975e-04, 8.8595291350434884e-04,
       9.9999999999999989e-01 ]
