%YAML:1.0
---
coor3D: !!opencv-matrix
   rows: 290
   cols: 3
   dt: s
   data: [ 107, 46, 4, 107, 42, 4, 109, 38, 3, 108, 34, 1, 108, 30, 0,
       108, 26, -1, 107, 23, -2, 106, 20, -4, 106, 16, -6, 104, 13, -8,
       104, 10, -11, 103, 6, -12, 102, 4, -14, 100, 1, -17, 98, -2, -20,
       97, -4, -22, 95, -7, -25, 93, -9, -28, 91, -11, -30, 89, -13, -33,
       87, -15, -35, 84, -16, -38, 82, -18, -40, 79, -20, -44, 76, -20,
       -47, 74, -21, -49, 71, -22, -52, 68, -22, -55, 65, -23, -57, 62,
       -23, -60, 58, -23, -63, 56, -23, -65, 53, -22, -67, 49, -22, -70,
       46, -21, -72, 43, -20, -74, 40, -18, -76, 37, -17, -79, 33, -15,
       -81, 30, -14, -82, 27, -12, -83, 23, -9, -85, 21, -7, -87, 18, -5,
       -88, 15, -3, -89, 12, 0, -89, 9, 2, -90, 7, 5, -90, 4, 9, -91, 2,
       12, -91, 0, 15, -92, -2, 19, -92, -5, 22, -92, -6, 25, -91, -8,
       29, -90, -10, 32, -89, -11, 36, -89, -12, 40, -88, -13, 43, -87,
       -14, 47, -85, -15, 50, -84, -16, 54, -82, -16, 58, -80, -17, 61,
       -78, -17, 65, -76, -16, 68, -74, -17, 71, -71, -16, 75, -69, -15,
       78, -67, -15, 80, -64, -14, 83, -61, -13, 86, -58, -12, 88, -55,
       -11, 91, -52, -9, 93, -49, -7, 95, -46, -5, 96, -43, -4, 98, -39,
       -2, 99, -36, 0, 101, -33, 2, 102, -29, 4, 103, -26, 6, 103, -24,
       9, 103, -20, 11, 103, -17, 14, 103, -14, 16, 103, -11, 19, 102,
       -8, 22, 101, -6, 24, 100, -3, 27, 99, 0, 30, 98, 2, 33, 96, 4, 36,
       94, 7, 39, 92, 9, 41, 90, 10, 43, 87, 12, 46, 85, 14, 48, 82, 16,
       50, 79, 17, 52, 76, 18, 55, 73, 19, 57, 69, 20, 59, 66, 21, 61,
       63, 22, 62, 59, 22, 64, 55, 22, 65, 51, 22, 67, 48, 22, 67, 43,
       22, 69, 40, 21, 69, 36, 20, 70, 32, 19, 71, 29, 18, 70, 24, 16,
       70, 20, 16, 70, 17, 13, 70, 13, 12, 69, 10, 10, 68, 7, 8, 66, 3,
       6, 65, 0, 4, 64, -2, 1, 62, -5, 0, 61, -7, -2, 58, -9, -5, 56,
       -12, -7, 55, -14, -9, 52, -16, -13, 49, -17, -16, 47, -19, -18,
       44, -19, -21, 41, -20, -24, 38, -21, -26, 35, -21, -29, 32, -22,
       -31, 30, -22, -34, 25, -21, -36, 22, -20, -39, 19, -19, -41, 15,
       -18, -43, 13, -16, -45, 10, -15, -47, 6, -13, -48, 3, -11, -50, 0,
       -9, -52, -2, -6, -52, -5, -4, -53, -8, -1, -54, -11, 1, -54, -14,
       4, -55, -16, 6, -55, -18, 10, -55, -20, 14, -54, -22, 18, -54,
       -24, 21, -54, -25, 25, -52, -27, 27, -51, -28, 32, -50, -29, 35,
       -48, -30, 39, -46, -30, 42, -44, -30, 46, -42, -30, 49, -40, -30,
       52, -37, -30, 55, -35, -29, 58, -32, -28, 61, -29, -27, 63, -26,
       -26, 66, -24, -25, 68, -20, -23, 69, -17, -21, 71, -14, -20, 72,
       -10, -18, 74, -7, -16, 75, -4, -13, 75, -1, -11, 76, 1, -8, 76, 5,
       -6, 75, 8, -3, 75, 11, -1, 73, 14, 1, 73, 17, 4, 71, 19, 7, 70,
       22, 9, 68, 24, 11, 65, 25, 14, 63, 28, 17, 60, 30, 19, 57, 32, 21,
       55, 33, 23, 51, 34, 25, 48, 34, 27, 44, 35, 29, 40, 36, 29, 36,
       36, 31, 32, 36, 31, 29, 35, 32, 25, 35, 33, 21, 35, 33, 17, 33,
       33, 13, 32, 32, 10, 30, 32, 6, 28, 31, 2, 26, 30, 0, 25, 29, -3,
       23, 27, -6, 20, 26, -9, 18, 23, -11, 15, 21, -13, 13, 18, -15, 10,
       16, -17, 7, 13, -18, 6, 10, -19, 3, 8, -20, 0, 4, -20, -1, 1, -20,
       -3, -1, -20, -6, -4, -19, -8, -8, -18, -10, -11, -16, -12, -15,
       -15, -14, -18, -13, -15, -21, -10, -16, -24, -8, -17, -27, -5,
       -17, -29, -2, -18, -32, 0, -18, -35, 3, -18, -37, 6, -17, -38, 10,
       -16, -40, 14, -15, -42, 17, -14, -43, 21, -12, -43, 24, -10, -44,
       28, -8, -44, 31, -6, -43, 34, -3, -43, 36, 0, -43, 39, 2, -40, 41,
       5, -40, 43, 8, -39, 45, 12, -37, 46, 15, -35, 47, 19, -33, 48, 22,
       -30, 48, 25, -29, 47, 28, -26, 47, 31, -24, 46, 35, -21, 45, 38,
       -19, 43, 40, -16, 41, 43, -14, 38, 44, -11, 36, 46, -10, 32, 47,
       -8, 28, 49, -6, 25, 49, -5, 21, 50, -4, 17, 49, -3, 13, 49, -3, 9,
       49, -2, 7, 49, -2, 0, 47, -3, -1, 45, -6, -4, 43, -6, -8, 42, -9,
       -10, 39, -11, -13, 36, -14, -15, 35, -16, -17, 32, -20, -17, 30,
       -23, -18, 27, -26, -18, 25, -30, -18, 23, -33, -17, 22, -36, -16,
       20, -40, -14, 19, -43, -12, 18, -46, -9, 18, -49, -6, 18, -52, -3,
       18, -54, 0, 19, -55, 3, 21, -57, 6, 23, -57, 9, 25, -57, 12, 28,
       -58, 15, 31, -57, 17, 34 ]
