%YAML:1.0
---
coorL: !!opencv-matrix
   rows: 290
   cols: 2
   dt: s
   data: [ 113, 12, 103, 12, 93, 8, 85, 3, 75, 0, 65, -3, 57, -7, 50,
       -11, 41, -15, 33, -20, 25, -29, 17, -32, 11, -37, 3, -43, -5, -50,
       -12, -57, -19, -63, -23, -71, -28, -77, -35, -84, -39, -91, -43,
       -98, -47, -105, -52, -115, -54, -123, -57, -131, -59, -139, -61,
       -148, -62, -155, -64, -163, -64, -171, -63, -179, -63, -186, -61,
       -195, -59, -203, -58, -210, -52, -217, -50, -226, -45, -233, -41,
       -237, -35, -244, -29, -252, -22, -258, -16, -262, -9, -268, 1,
       -270, 8, -276, 18, -278, 28, -282, 38, -284, 48, -287, 60, -288,
       70, -290, 82, -289, 93, -289, 105, -287, 117, -285, 130, -283,
       141, -281, 154, -276, 165, -273, 178, -267, 189, -262, 201, -255,
       212, -250, 222, -242, 234, -233, 244, -226, 253, -218, 261, -208,
       269, -197, 277, -188, 285, -178, 292, -167, 297, -157, 302, -147,
       306, -137, 310, -125, 312, -115, 315, -105, 316, -92, 317, -83,
       317, -74, 316, -63, 314, -52, 310, -45, 308, -35, 305, -26, 300,
       -19, 293, -9, 291, -2, 285, 6, 277, 13, 270, 20, 262, 28, 255, 30,
       245, 36, 238, 41, 229, 45, 220, 49, 211, 52, 200, 54, 190, 57,
       181, 58, 171, 61, 160, 60, 149, 61, 139, 60, 128, 60, 117, 59,
       108, 57, 96, 55, 85, 52, 77, 49, 66, 44, 55, 43, 46, 37, 37, 33,
       28, 28, 19, 23, 10, 17, 2, 12, -6, 5, -14, -2, -20, -8, -27, -15,
       -34, -21, -39, -27, -45, -38, -49, -45, -53, -52, -56, -60, -58,
       -68, -60, -76, -62, -84, -64, -91, -64, -100, -62, -107, -59,
       -117, -59, -123, -56, -130, -51, -137, -48, -145, -42, -149, -35,
       -156, -29, -162, -21, -166, -14, -170, -4, -173, 5, -176, 14,
       -179, 22, -181, 35, -181, 47, -180, 60, -179, 70, -179, 84, -175,
       93, -172, 108, -168, 120, -163, 133, -157, 144, -150, 157, -144,
       166, -137, 177, -126, 188, -118, 197, -109, 205, -100, 213, -90,
       220, -81, 227, -68, 231, -58, 236, -49, 239, -36, 243, -25, 244,
       -14, 244, -4, 244, 6, 242, 18, 240, 27, 237, 36, 230, 44, 227, 53,
       221, 61, 214, 68, 207, 75, 199, 78, 190, 85, 182, 92, 172, 95,
       163, 98, 150, 100, 141, 102, 131, 102, 118, 106, 107, 106, 95,
       104, 84, 102, 74, 101, 62, 101, 51, 95, 38, 92, 29, 88, 19, 83, 8,
       77, -2, 74, -10, 69, -19, 61, -27, 53, -34, 45, -41, 39, -46, 30,
       -51, 23, -57, 19, -59, 10, -61, 3, -63, -5, -63, -12, -63, -21,
       -60, -27, -58, -34, -53, -40, -49, -46, -43, -50, -36, -54, -28,
       -58, -19, -60, -10, -62, 1, -63, 13, -62, 24, -61, 36, -58, 49,
       -55, 61, -50, 75, -43, 85, -37, 98, -30, 109, -22, 119, -12, 127,
       -2, 137, 9, 145, 19, 151, 30, 156, 42, 159, 53, 164, 65, 164, 76,
       164, 86, 161, 97, 157, 106, 154, 116, 148, 125, 141, 132, 134,
       140, 125, 144, 116, 149, 103, 151, 92, 156, 80, 157, 69, 158, 54,
       157, 44, 156, 30, 155, 22, 154, 2, 148, -5, 142, -15, 139, -27,
       133, -35, 126, -43, 118, -50, 114, -56, 106, -59, 100, -60, 92,
       -62, 85, -62, 78, -59, 76, -56, 71, -49, 68, -43, 65, -34, 64,
       -23, 66, -12, 68, -1, 72, 11, 78, 23, 85, 35, 93, 45, 102, 56,
       116, 63, 125 ]
coorR: !!opencv-matrix
   rows: 290
   cols: 2
   dt: s
   data: [ 301, 11, 303, 8, 311, 7, 311, 0, 313, -2, 317, -6, 315, -12,
       315, -15, 317, -21, 316, -26, 316, -34, 316, -42, 314, -47, 312,
       -56, 309, -63, 307, -71, 302, -82, 298, -90, 292, -98, 289, -108,
       283, -117, 275, -126, 268, -135, 261, -146, 251, -155, 244, -164,
       236, -173, 226, -184, 217, -190, 206, -202, 195, -210, 186, -218,
       175, -226, 163, -234, 153, -239, 142, -246, 131, -252, 122, -258,
       108, -263, 99, -267, 88, -271, 76, -274, 68, -276, 59, -277, 49,
       -279, 40, -281, 30, -282, 22, -282, 14, -281, 7, -281, 0, -276,
       -7, -271, -15, -266, -18, -265, -24, -265, -30, -260, -32, -253,
       -35, -248, -37, -243, -39, -237, -43, -234, -44, -227, -44, -219,
       -46, -211, -46, -203, -44, -197, -45, -190, -44, -182, -41, -171,
       -39, -166, -37, -157, -34, -148, -31, -140, -28, -134, -24, -124,
       -20, -115, -15, -108, -11, -100, -5, -92, -1, -82, 5, -75, 11,
       -68, 17, -59, 23, -52, 29, -43, 35, -35, 42, -28, 48, -20, 55,
       -14, 62, -7, 68, 0, 77, 6, 84, 11, 92, 17, 99, 23, 105, 30, 111,
       33, 119, 37, 125, 43, 132, 46, 138, 50, 146, 52, 152, 55, 159, 61,
       165, 60, 170, 61, 177, 61, 180, 62, 187, 60, 190, 61, 195, 60,
       198, 60, 203, 55, 206, 53, 207, 51, 209, 45, 210, 41, 211, 37,
       211, 32, 209, 27, 206, 20, 203, 12, 202, 6, 197, -2, 194, -10,
       188, -19, 182, -26, 178, -36, 170, -44, 162, -53, 155, -62, 145,
       -71, 137, -81, 125, -89, 116, -99, 106, -107, 99, -115, 84, -122,
       75, -130, 64, -137, 52, -144, 43, -148, 33, -153, 21, -158, 10,
       -162, 1, -164, -9, -167, -18, -170, -28, -170, -36, -170, -44,
       -169, -50, -170, -56, -167, -61, -164, -67, -162, -71, -158, -76,
       -154, -79, -148, -81, -146, -84, -137, -85, -132, -85, -126, -85,
       -120, -85, -112, -84, -106, -84, -96, -79, -89, -77, -80, -75,
       -73, -71, -63, -68, -55, -62, -46, -58, -36, -53, -29, -48, -20,
       -42, -12, -36, -2, -29, 4, -23, 14, -17, 21, -10, 30, -3, 38, 3,
       45, 12, 53, 19, 59, 26, 65, 32, 70, 39, 77, 46, 84, 53, 86, 58,
       93, 65, 94, 71, 100, 76, 100, 82, 102, 85, 103, 90, 103, 92, 102,
       96, 102, 100, 100, 100, 97, 101, 94, 100, 91, 99, 88, 98, 83, 95,
       78, 92, 72, 88, 67, 83, 60, 76, 53, 69, 44, 61, 35, 53, 27, 44,
       19, 35, 12, 27, 2, 14, -7, 5, -14, -5, -22, -16, -29, -28, -35,
       -38, -42, -49, -45, -60, -50, -69, -52, -79, -57, -86, -58, -94,
       -58, -101, -58, -108, -57, -114, -54, -118, -51, -123, -48, -126,
       -43, -127, -37, -127, -33, -129, -25, -128, -17, -126, -10, -125,
       -1, -122, 5, -114, 15, -115, 22, -110, 35, -105, 45, -100, 52,
       -93, 61, -86, 70, -81, 78, -74, 89, -68, 97, -60, 106, -54, 113,
       -47, 119, -40, 125, -34, 132, -29, 138, -24, 141, -20, 147, -16,
       149, -12, 150, -12, 151, -10, 149, -8, 144, -9, 141, -12, 137,
       -20, 136, -22, 130, -30, 125, -36, 118, -46, 113, -54, 107, -68,
       97, -77, 92, -86, 84, -99, 78, -109, 70, -119, 67, -131, 63, -140,
       61, -149, 61, -157, 61, -165, 60, -171, 62, -172, 68, -175, 71,
       -175, 79, -175, 86, -174, 95, -172, 104 ]
