%YAML:1.0
---
CM1: !!opencv-matrix
   rows: 3
   cols: 3
   dt: d
   data: [ 1.4654481400065056e+03, 0., 1.3334465973756194e+03, 0.,
       1.4654481400065056e+03, 7.6114067457442547e+02, 0., 0., 1. ]
CM2: !!opencv-matrix
   rows: 3
   cols: 3
   dt: d
   data: [ 1.4654481400065056e+03, 0., 1.3333512259739573e+03, 0.,
       1.4654481400065056e+03, 7.5868077236518025e+02, 0., 0., 1. ]
D1: !!opencv-matrix
   rows: 1
   cols: 5
   dt: d
   data: [ -1.3523177827956600e-02, 1.5422017188244838e-01, 0., 0.,
       -3.3319682438560860e-01 ]
D2: !!opencv-matrix
   rows: 1
   cols: 5
   dt: d
   data: [ -1.5451982379277328e-02, -7.5684189086501125e-02, 0., 0.,
       2.0471973917511282e-01 ]
R: !!opencv-matrix
   rows: 3
   cols: 3
   dt: d
   data: [ -1.2607204627439774e-02, -1.4905257839864513e-02,
       9.9980942768120007e-01, -3.9054540750240001e-03,
       9.9988200013841488e-01, 1.4857093513577127e-02,
       -9.9991289911669290e-01, -3.7174033854902797e-03,
       -1.2663928779008741e-02 ]
T: !!opencv-matrix
   rows: 3
   cols: 1
   dt: d
   data: [ -3.7856885567870087e+01, -6.0130301476185577e-01,
       4.5309347580225641e+01 ]
E: !!opencv-matrix
   rows: 3
   cols: 3
   dt: d
   data: [ 7.7820421688200592e-01, -4.5301765797619879e+01,
       -6.6555035548503449e-01, -3.8424812416177566e+01,
       -8.1607682281342275e-01, 4.4821295970167377e+01,
       1.4026757785855634e-01, -3.7861381037087952e+01,
       3.8745134037396989e-02 ]
F: !!opencv-matrix
   rows: 3
   cols: 3
   dt: d
   data: [ -8.6058035448868646e-09, 5.0097145226585595e-07,
       -3.5904864768004794e-04, 4.2492237863688166e-07,
       9.0246193252543312e-09, -1.2998416287310986e-03,
       -3.1317901665223137e-04, -6.1246806354098824e-05, 1. ]
