%YAML:1.0
---
camera_matrix: !!opencv-matrix
   rows: 3
   cols: 3
   dt: d
   data: [ 1.0268176547997593e+03, 0., 9.8223295515974166e+02, 0.,
       1.0253213621481252e+03, 5.4989967627588487e+02, 0., 0., 1. ]
distortion_coefficients: !!opencv-matrix
   rows: 1
   cols: 5
   dt: d
   data: [ -1.8846199973338966e-03, 7.0258291891588101e-03,
       3.0207324368562716e-03, 6.6552168598907604e-03,
       -4.0928105385214129e-03 ]
