%YAML:1.0
---
camera_matrix: !!opencv-matrix
   rows: 3
   cols: 3
   dt: d
   data: [ 1.0422157600705052e+03, 0., 9.8434289297878399e+02, 0.,
       1.0453768794710340e+03, 5.4848397616999762e+02, 0., 0., 1. ]
distortion_coefficients: !!opencv-matrix
   rows: 1
   cols: 5
   dt: d
   data: [ 1.1388605923066857e-02, -7.2533817684953565e-03,
       2.2794306216973358e-03, 6.3664030565074477e-03,
       4.5648407530627828e-03 ]
