%YAML:1.0
---
CM: !!opencv-matrix
   rows: 3
   cols: 3
   dt: d
   data: [ 9.3118843596336990e+02, 0., 6.3729552626232135e+02, 0.,
       9.3075243456624412e+02, 3.5103130117127171e+02, 0., 0., 1. ]
D: !!opencv-matrix
   rows: 1
   cols: 5
   dt: d
   data: [ 1.1760233506311371e-01, -2.1753345687968598e-01,
       1.8207013595651744e-03, -1.2310292660685077e-03,
       3.2946836223321486e-02 ]
