%YAML:1.0
---
CM1: !!opencv-matrix
   rows: 3
   cols: 3
   dt: d
   data: [ 8.9993831845882164e+02, 0., 6.4853875614638673e+02, 0.,
       8.9993831845882164e+02, 3.5000443571219563e+02, 0., 0., 1. ]
CM2: !!opencv-matrix
   rows: 3
   cols: 3
   dt: d
   data: [ 8.9993831845882164e+02, 0., 6.5467907535840209e+02, 0.,
       8.9993831845882164e+02, 3.5392154684115513e+02, 0., 0., 1. ]
D1: !!opencv-matrix
   rows: 1
   cols: 5
   dt: d
   data: [ 7.7415549342055343e-02, -2.2502553748856857e-01, 0., 0.,
       1.3262967287677785e-01 ]
D2: !!opencv-matrix
   rows: 1
   cols: 5
   dt: d
   data: [ 1.0193047250591700e-01, -4.9298545981864078e-01, 0., 0.,
       4.9408032092248005e-01 ]
R: !!opencv-matrix
   rows: 3
   cols: 3
   dt: d
   data: [ 9.9980788789570962e-01, 1.1629360466052546e-03,
       -1.9566166749561402e-02, -1.1102537359930268e-03,
       9.9999573010026432e-01, 2.7031681192539875e-03,
       1.9569226815637088e-02, -2.6809253982055812e-03,
       9.9980490997036386e-01 ]
T: !!opencv-matrix
   rows: 3
   cols: 1
   dt: d
   data: [ 3.9654061969871561e+00, 1.2694723002283423e-02,
       -8.1387719373452416e-01 ]
E: !!opencv-matrix
   rows: 3
   cols: 3
   dt: d
   data: [ -6.5518428118990627e-04, 8.1383968495518966e-01,
       1.4892293271487753e-02, -8.9132077135917642e-01,
       9.6844710616008634e-03, -3.9487081288883918e+00,
       -1.7094891237268962e-02, 3.9653745019493027e+00,
       1.0967546678690048e-02 ]
F: !!opencv-matrix
   rows: 3
   cols: 3
   dt: d
   data: [ -4.1609057709465391e-07, 5.1684851712335790e-04,
       -1.7211806712160119e-01, -5.6605474944810901e-04,
       6.1503568821273155e-06, -1.8918396147991217e+00,
       1.9084117734204784e-01, 1.9257740436535284e+00, 1. ]
R1: !!opencv-matrix
   rows: 3
   cols: 3
   dt: d
   data: [ 9.7544937453456138e-01, 4.8141577744793412e-03,
       -2.2017116433596676e-01, -4.5266299267278948e-03,
       9.9998811593023940e-01, 1.8104197846186046e-03,
       2.2017726345297170e-01, -7.6933946506549432e-04,
       9.7545957413680051e-01 ]
R2: !!opencv-matrix
   rows: 3
   cols: 3
   dt: d
   data: [ 9.7957548317504028e-01, 3.1359812339485722e-03,
       -2.0105232747741708e-01, -3.3982610555286521e-03,
       9.9999376565807940e-01, -9.5940959587635286e-04,
       2.0104806535797529e-01, 1.6230424130332548e-03,
       9.7958003304943941e-01 ]
P1: !!opencv-matrix
   rows: 3
   cols: 4
   dt: d
   data: [ 8.9993831845882164e+02, 0., 9.5313142776489258e+02, 0., 0.,
       8.9993831845882164e+02, 3.5069546508789063e+02, 0., 0., 0., 1.,
       0. ]
P2: !!opencv-matrix
   rows: 3
   cols: 4
   dt: d
   data: [ 8.9993831845882164e+02, 0., 9.5313142776489258e+02,
       3.6430280730955524e+03, 0., 8.9993831845882164e+02,
       3.5069546508789063e+02, 0., 0., 0., 1., 0. ]
Q: !!opencv-matrix
   rows: 4
   cols: 4
   dt: d
   data: [ 1., 0., 0., -9.5313142776489258e+02, 0., 1., 0.,
       -3.5069546508789063e+02, 0., 0., 0., 8.9993831845882164e+02, 0.,
       0., -2.4703030017941269e-01, 0. ]
